student_number
03051001
03051002
03051003
03051004
03051005
03051006
03051007
03051008
03051009
03051010
03051011
03051012
03051013
03051014
03051015
03051016
03051017
03051018
03051019
03051020
03051021
03051022
03051023
03051024
03051025
03051026
03051027
03051028
03051029
03051030
03051031
03051032
03051033
03051034
03051035
03051036
03051037
03051038
03051039
03051040
03051041
03051042
03051043
03051044
03051045
03051046
03051047
03051048
03051049
03051050
03051051
03051052
03051053
03051054
03051055
03051056
03051057
03051058
03051059
03051060
03051061
03051062
03051063
03051064
03051065
03051066
03051067
03051068
03051069
03051070
03051071
03051072
03051073
03051074
03051075
03051076
03051077
03051078
03051079
03051080
03051081
03051082
03051083
03051084
03051085
03051086
03051087
03051088
03051089
03051090
03051091
03051092
03051093
03051094
03051095
03051096
03051097
03051098
03051099
03051100
03051101
03051102
03051103
03051104
03051105
03051106
03051107
03051108
15182016
