Linux 3.10.0 (host-14187755e6af) 	12/23/2016 	_x86_64_	(32 CPU)

10:48:40 PM  CPU    %usr   %nice    %sys %iowait    %irq   %soft  %steal  %guest  %gnice   %idle
10:48:41 PM  all    7.78    0.06   13.69    0.03    0.00    0.13    0.00   54.05    0.03   24.23
10:48:42 PM  all   10.97    0.00   14.12    1.22    0.00    0.12    0.00   54.69    0.06   18.84
10:48:43 PM  all    8.16    0.03   14.72    2.44    0.00    0.12    0.00   53.94    0.06   20.53
10:48:44 PM  all    6.53    0.03   13.91    2.53    0.00    0.19    0.00   53.94    0.03   22.84
10:48:45 PM  all    8.41    0.00   13.72    0.56    0.00    0.22    0.00   54.64    0.03   22.41
10:48:46 PM  all    7.81    0.03   14.12    0.22    0.00    0.22    0.00   53.92    0.03   23.65
10:48:47 PM  all    8.97    0.06   14.12    0.09    0.00    0.16    0.00   54.61    0.00   21.99
10:48:48 PM  all    8.82    0.00   14.19    0.06    0.00    0.19    0.00   54.02    0.06   22.69
10:48:49 PM  all    7.75    0.00   13.00    0.41    0.00    0.09    0.00   54.16    0.38   24.22
10:48:50 PM  all    8.07    0.03   13.88    0.13    0.00    0.16    0.00   54.33    0.22   23.19
10:48:51 PM  all    6.84    0.00   13.46    0.12    0.00    0.25    0.00   53.94    0.19   25.20
10:48:52 PM  all    8.41    0.03   15.03    0.16    0.00    0.12    0.00   53.75    0.19   22.31
10:48:53 PM  all    7.28    0.00   13.22    0.19    0.00    0.16    0.00   54.45    0.28   24.41
10:48:54 PM  all    7.15    0.00   14.03    0.00    0.00    0.19    0.00   53.95    0.06   24.62
10:48:55 PM  all    8.41    0.00   13.63    0.25    0.00    0.13    0.00   54.25    0.03   23.30
10:48:56 PM  all    9.03    0.03   14.21    0.09    0.00    0.12    0.00   54.30    0.03   22.18
10:48:57 PM  all    8.38    0.00   14.00    0.19    0.00    0.19    0.00   53.87    0.06   23.34
10:48:58 PM  all    8.41    0.06   13.97    0.09    0.00    0.13    0.00   54.20    0.00   23.13
10:48:59 PM  all    7.18    0.03   14.39    0.09    0.00    0.22    0.00   54.14    0.06   23.88
10:49:00 PM  all    8.48    0.00   13.04    0.13    0.00    0.09    0.00   54.11    0.00   24.15
10:49:01 PM  all    8.15    0.03   12.90    0.06    0.00    0.09    0.00   54.25    0.03   24.48
10:49:02 PM  all   14.50    0.00   14.16    0.22    0.00    0.19    0.00   55.05    0.03   15.85
10:49:03 PM  all   10.56    0.03   16.05    0.19    0.00    0.19    0.00   53.97    0.03   18.99
10:49:04 PM  all   17.82    0.03   15.00    0.03    0.00    0.06    0.00   54.27    0.06   12.72
10:49:05 PM  all   17.22    0.03   17.66    0.06    0.00    0.22    0.00   55.78    0.03    9.00
10:49:06 PM  all   17.57    0.00   15.79    0.09    0.00    0.16    0.00   55.17    0.06   11.19
10:49:07 PM  all   11.28    0.03   16.35    0.13    0.00    0.16    0.00   54.55    0.00   17.51
10:49:08 PM  all    9.84    0.03   15.00    0.22    0.00    0.16    0.00   53.86    0.03   20.87
10:49:09 PM  all   10.18    0.00   14.87    0.09    0.00    0.16    0.00   53.98    0.06   20.65
10:49:10 PM  all    8.19    0.03   14.91    0.12    0.00    0.16    0.00   53.47    0.06   23.06
10:49:11 PM  all    8.22    0.03   15.72    0.09    0.00    0.16    0.00   54.03    0.00   21.75
10:49:12 PM  all   12.50    0.00   17.00    1.22    0.00    0.19    0.00   55.28    0.03   13.78
10:49:13 PM  all    8.88    0.00   17.72    1.53    0.00    0.16    0.00   55.45    0.03   16.22
10:49:14 PM  all    8.56    0.03   16.87    2.31    0.00    0.12    0.00   54.26    0.03   17.81
10:49:15 PM  all    9.03    0.00   15.84    0.28    0.00    0.12    0.00   55.09    0.06   19.56
10:49:16 PM  all    8.60    0.00   14.75    0.06    0.00    0.19    0.00   54.64    0.06   21.69
10:49:17 PM  all    8.93    0.00   13.56    0.28    0.00    0.22    0.00   54.61    0.03   22.37
10:49:18 PM  all    8.82    0.00   13.44    0.16    0.00    0.31    0.00   54.39    0.06   22.82
10:49:19 PM  all    7.62    0.00   13.78    0.03    0.00    0.16    0.00   53.84    0.06   24.50
10:49:20 PM  all    8.19    0.00   13.28    0.19    0.00    0.12    0.00   53.91    0.03   24.28
10:49:21 PM  all    9.56    0.03   13.62    0.16    0.00    0.09    0.00   54.73    0.00   21.81
10:49:22 PM  all    8.22    0.00   13.60    0.06    0.00    0.16    0.00   54.80    0.03   23.13
10:49:23 PM  all    7.44    0.00   14.37    0.19    0.00    0.25    0.00   53.45    0.03   24.27
10:49:24 PM  all    7.28    0.00   13.88    0.06    0.00    0.16    0.00   53.75    0.06   24.81
10:49:25 PM  all    8.28    0.03   13.22    0.16    0.00    0.09    0.00   54.19    0.03   24.00
10:49:26 PM  all    9.57    0.00   14.13    0.09    0.00    0.13    0.00   54.20    0.06   21.82
10:49:27 PM  all    8.41    0.00   13.69    0.12    0.00    0.12    0.00   54.31    0.03   23.31
10:49:28 PM  all    7.72    0.06   13.50    0.12    0.00    0.31    0.00   54.50    0.06   23.72
10:49:29 PM  all    7.25    0.00   14.56    0.22    0.00    0.16    0.00   54.28    0.06   23.47
10:49:30 PM  all    9.47    0.03   15.43    0.22    0.00    0.16    0.00   54.64    0.03   20.02
10:49:31 PM  all    8.62    0.06   16.87    0.06    0.00    0.28    0.00   53.61    0.06   20.43
10:49:32 PM  all    9.41    0.00   14.85    0.31    0.00    0.09    0.00   54.00    0.00   21.33
10:49:33 PM  all    6.69    0.03   13.43    0.19    0.00    0.12    0.00   54.45    0.03   25.05
10:49:34 PM  all    7.54    0.00   13.76    0.19    0.00    0.19    0.00   54.10    0.09   24.14
10:49:35 PM  all    8.65    0.03   13.77    0.31    0.00    0.09    0.00   53.90    0.09   23.14
10:49:36 PM  all    7.25    0.00   13.75    0.22    0.00    0.16    0.00   53.94    0.09   24.59
10:49:37 PM  all    6.91    0.00   13.44    0.09    0.00    0.16    0.00   53.81    0.03   25.56
10:49:38 PM  all    8.16    0.03   14.32    0.06    0.00    0.09    0.00   53.42    0.09   23.82
10:49:39 PM  all    8.87    0.00   13.59    0.09    0.00    0.12    0.00   54.23    0.03   23.06
10:49:40 PM  all    6.44    0.00   14.22    0.22    0.00    0.19    0.00   53.62    0.06   25.25
10:49:41 PM  all    7.66    0.00   14.12    0.25    0.00    0.12    0.00   54.66    0.03   23.16
10:49:42 PM  all    9.94    0.03   14.69    1.28    0.00    0.22    0.00   54.44    0.03   19.38
10:49:43 PM  all    7.50    0.03   13.53    2.25    0.00    0.19    0.00   54.12    0.09   22.28
10:49:44 PM  all    6.75    0.03   14.62    2.09    0.00    0.16    0.00   53.53    0.06   22.75
10:49:45 PM  all    8.13    0.03   15.00    0.22    0.00    0.09    0.00   53.86    0.03   22.63
10:49:46 PM  all    6.84    0.03   13.44    0.09    0.00    0.19    0.00   53.94    0.06   25.41
10:49:47 PM  all    9.25    0.00   15.22    1.47    0.00    0.19    0.00   53.31    0.03   20.53
10:49:48 PM  all    9.09    0.03   14.62    3.72    0.00    0.09    0.00   53.25    0.00   19.19
10:49:49 PM  all    7.62    0.00   13.84    2.22    0.00    0.06    0.00   54.39    0.09   21.77
10:49:50 PM  all    7.84    0.00   14.03    0.69    0.00    0.16    0.00   53.87    0.03   23.38
10:49:51 PM  all    7.94    0.00   14.47    0.16    0.00    0.16    0.00   53.89    0.03   23.35
10:49:52 PM  all    8.47    0.03   14.06    0.12    0.00    0.12    0.00   53.86    0.03   23.31
10:49:53 PM  all    8.00    0.03   14.07    0.25    0.00    0.13    0.00   53.55    0.03   23.94
10:49:54 PM  all    6.81    0.03   14.34    0.06    0.00    0.12    0.00   53.55    0.06   25.02
10:49:55 PM  all    8.16    0.00   13.00    0.13    0.00    0.25    0.00   54.17    0.38   23.91
10:49:56 PM  all    9.37    0.03   14.46    0.56    0.00    0.16    0.00   54.51    0.25   20.65
10:49:57 PM  all    8.28    0.03   14.07    0.16    0.00    0.06    0.00   53.02    0.28   24.10
10:49:58 PM  all    8.31    0.00   13.68    0.09    0.00    0.16    0.00   54.23    0.25   23.27
10:49:59 PM  all    7.31    0.00   13.82    0.06    0.00    0.22    0.00   53.95    0.19   24.45
10:50:00 PM  all    7.87    0.00   13.78    0.15    0.00    0.12    0.00   53.95    0.09   24.02
10:50:01 PM  all   11.00    0.03   18.44    0.16    0.00    0.09    0.00   54.81    0.03   15.44
10:50:02 PM  all   15.65    0.00   15.18    0.06    0.00    0.28    0.00   54.55    0.09   14.21
10:50:03 PM  all   12.57    0.03   16.79    0.25    0.00    0.09    0.00   54.80    0.00   15.47
10:50:04 PM  all   22.77    0.00   14.78    0.09    0.00    0.09    0.00   55.73    0.06    6.47
10:50:05 PM  all   17.97    0.03   16.60    0.03    0.00    0.13    0.00   55.64    0.03    9.57
10:50:06 PM  all   16.18    0.00   18.93    1.66    0.00    0.12    0.00   55.26    0.03    7.81
10:50:07 PM  all   11.66    0.00   13.12    5.28    0.00    0.25    0.00   55.12    0.03   14.53
10:50:08 PM  all   10.88    0.00   14.25    0.25    0.00    0.16    0.00   55.49    0.06   18.91
10:50:09 PM  all   10.93    0.03   16.31    0.19    0.00    0.09    0.00   54.51    0.06   17.87
10:50:10 PM  all    9.72    0.00   14.88    0.09    0.00    0.09    0.00   54.89    0.06   20.26
10:50:11 PM  all    8.97    0.03   17.00    0.25    0.00    0.19    0.00   54.81    0.00   18.75
10:50:12 PM  all   12.34    0.03   16.87    1.22    0.00    0.09    0.00   54.17    0.06   15.21
10:50:13 PM  all    8.97    0.03   16.16    2.84    0.00    0.13    0.00   54.70    0.09   17.07
10:50:14 PM  all    8.81    0.03   15.93    2.59    0.00    0.19    0.00   55.05    0.03   17.37
10:50:15 PM  all    9.38    0.00   14.82    0.31    0.00    0.13    0.00   54.95    0.03   20.38
10:50:16 PM  all    6.47    0.00   14.31    0.22    0.00    0.19    0.00   53.58    0.12   25.15
10:50:17 PM  all    8.82    0.06   12.85    0.13    0.00    0.16    0.00   54.99    0.03   22.98
10:50:18 PM  all   10.25    0.06   14.28    0.09    0.00    0.22    0.00   54.14    0.06   20.90
10:50:19 PM  all    7.16    0.00   13.12    0.06    0.00    0.28    0.00   53.87    0.03   25.47
10:50:20 PM  all    7.75    0.00   13.38    0.16    0.00    0.12    0.00   53.91    0.06   24.62
10:50:21 PM  all    7.09    0.06   13.84    0.31    0.00    0.12    0.00   53.62    0.06   24.88
10:50:22 PM  all   10.07    0.00   13.79    0.16    0.00    0.16    0.00   54.74    0.06   21.07
10:50:23 PM  all    7.78    0.03   14.22    0.44    0.00    0.12    0.00   53.41    0.06   23.94
10:50:24 PM  all    7.66    0.00   14.78    0.00    0.00    0.09    0.00   53.75    0.06   23.69
10:50:25 PM  all    9.18    0.03   13.28    0.12    0.00    0.16    0.00   54.23    0.03   22.96
10:50:26 PM  all    9.22    0.03   14.12    0.22    0.00    0.16    0.00   53.97    0.03   22.25
10:50:27 PM  all    8.59    0.00   13.84    0.22    0.00    0.19    0.00   54.12    0.06   22.97
10:50:28 PM  all    7.66    0.06   13.78    0.09    0.00    0.19    0.00   54.28    0.00   23.94
10:50:29 PM  all    7.50    0.00   14.50    0.03    0.00    0.09    0.00   54.61    0.06   23.19
10:50:30 PM  all    8.56    0.00   15.12    0.16    0.00    0.12    0.00   54.66    0.06   21.31
10:50:31 PM  all    8.03    0.00   15.53    0.12    0.00    0.12    0.00   54.69    0.03   21.47
10:50:32 PM  all   10.09    0.00   14.37    0.28    0.00    0.22    0.00   54.31    0.03   20.69
10:50:33 PM  all    6.97    0.03   13.46    0.34    0.00    0.19    0.00   54.58    0.03   24.40
10:50:34 PM  all    7.22    0.00   13.06    0.03    0.00    0.22    0.00   54.34    0.06   25.06
10:50:35 PM  all    8.69    0.00   13.56    0.12    0.00    0.06    0.00   54.37    0.06   23.12
10:50:36 PM  all    7.38    0.00   13.94    0.03    0.00    0.09    0.00   53.95    0.03   24.57
10:50:37 PM  all    6.50    0.03   12.68    0.28    0.00    0.12    0.00   54.17    0.03   26.18
10:50:38 PM  all    7.88    0.00   13.54    0.25    0.00    0.09    0.00   54.58    0.03   23.63
10:50:39 PM  all    8.53    0.03   13.09    0.00    0.00    0.16    0.00   54.42    0.03   23.74
10:50:40 PM  all    6.62    0.00   12.78    0.38    0.00    0.16    0.00   54.09    0.03   25.94
10:50:41 PM  all    7.34    0.03   13.65    0.06    0.00    0.12    0.00   54.05    0.03   24.71
10:50:42 PM  all   10.16    0.00   14.32    1.19    0.00    0.13    0.00   54.75    0.06   19.39
10:50:43 PM  all    7.84    0.03   14.66    2.62    0.00    0.09    0.00   53.62    0.03   21.09
10:50:44 PM  all    6.84    0.00   13.56    2.19    0.00    0.16    0.00   54.23    0.06   22.96
10:50:45 PM  all    8.19    0.00   13.66    0.47    0.00    0.22    0.00   54.16    0.03   23.28
10:50:46 PM  all    6.81    0.00   14.25    0.03    0.00    0.22    0.00   53.91    0.06   24.72
10:50:47 PM  all    8.84    0.03   14.12    0.12    0.00    0.19    0.00   53.56    0.03   23.09
10:50:48 PM  all    8.63    0.00   14.29    0.19    0.00    0.25    0.00   54.20    0.06   22.38
10:50:49 PM  all    7.31    0.00   12.96    0.03    0.00    0.16    0.00   54.48    0.06   24.99
10:50:50 PM  all    7.91    0.03   12.78    0.12    0.00    0.16    0.00   54.78    0.09   24.12
10:50:51 PM  all    8.34    0.03   13.59    0.06    0.00    0.16    0.00   54.03    0.03   23.75
10:50:52 PM  all    7.75    0.00   13.19    0.22    0.00    0.13    0.00   53.77    0.06   24.88
10:50:53 PM  all    6.65    0.00   14.34    0.31    0.00    0.16    0.00   54.36    0.06   24.12
10:50:54 PM  all    7.16    0.03   13.19    0.00    0.00    0.09    0.00   54.14    0.06   25.32
10:50:55 PM  all    8.81    0.00   13.56    0.25    0.00    0.19    0.00   53.36    0.06   23.77
10:50:56 PM  all    8.78    0.03   13.82    0.06    0.00    0.16    0.00   53.89    0.03   23.23
10:50:57 PM  all    8.12    0.03   13.34    0.19    0.00    0.22    0.00   54.44    0.03   23.62
10:50:58 PM  all    8.09    0.00   13.91    0.09    0.00    0.16    0.00   54.09    0.09   23.56
10:50:59 PM  all    7.47    0.03   14.78    0.06    0.00    0.16    0.00   54.26    0.09   23.15
10:51:00 PM  all    7.00    0.00   12.91    0.03    0.00    0.16    0.00   54.31    0.06   25.53
10:51:01 PM  all   10.28    0.03   14.54    0.09    0.00    0.19    0.00   54.02    0.31   20.54
10:51:02 PM  all   11.18    0.00   14.25    0.16    0.00    0.12    0.00   54.42    0.34   19.53
10:51:03 PM  all   11.44    0.00   15.28    0.12    0.00    0.25    0.00   54.75    0.22   17.94
10:51:04 PM  all   20.63    0.03   16.66    0.03    0.00    0.16    0.00   55.61    0.25    6.63
10:51:05 PM  all   21.09    0.03   14.00    0.06    0.00    0.09    0.00   55.88    0.16    8.69
10:51:06 PM  all   13.31    0.00   18.34    0.19    0.00    0.28    0.00   55.26    0.06   12.56
10:51:07 PM  all   10.66    0.00   13.81    0.22    0.00    0.16    0.00   54.69    0.00   20.47
10:51:08 PM  all    9.16    0.00   14.25    0.06    0.00    0.22    0.00   52.89    0.06   23.35
10:51:09 PM  all    9.87    0.03   14.59    0.28    0.00    0.12    0.00   54.92    0.06   20.12
10:51:10 PM  all    7.66    0.00   14.69    0.09    0.00    0.28    0.00   54.75    0.03   22.50
10:51:11 PM  all   10.12    0.03   16.44    0.12    0.00    0.19    0.00   55.19    0.00   17.91
10:51:12 PM  all   11.66    0.00   16.88    1.06    0.00    0.22    0.00   54.20    0.06   15.91
10:51:13 PM  all    8.91    0.03   16.94    1.84    0.00    0.16    0.00   54.37    0.00   17.75
10:51:14 PM  all    8.94    0.00   16.88    2.53    0.00    0.16    0.00   54.62    0.06   16.81
